6988
2170
2271
9642
8117
6860
8065
2890
2427
8423
4502
2048
2902
7058
5481
593
1154
5596
1333
4198
9933
7876
4620
24
7723
6004
1829
2020
4254
259
2665
5571
445
17
2867
8402
2342
3865
3764
8534
8578
6092
7865
8787
8061
4880
1615
7118
3971
3664
9272
9442
9086
3891
7928
9394
3132
6452
4984
4507
2573
1059
623
808
1149
9637
6982
4309
1950
6178
8912
9814
8848
5406
5816
8631
4499
6935
253
6458
680
2745
337
1254
9604
522
2077
8828
9139
587
6410
4883
8713
87
5466
3214
6198
8084
970
5577
1953
2499
7508
2547
4379
1584
8860
3961
5971
8920
5755
6923
2098
952
8338
5082
7586
633
9529
9992
3811
4195
877
5636
8135
2970
4908
5218
4863
6434
7708
6462
1386
4707
7547
261
3238
4784
9703
9634
1055
446
4511
2464
8833
2272
2253
294
9717
9742
9879
7015
8876
2655
3828
4991
1365
1695
9321
6409
3090
3395
176
8717
6442
5937
9665
2919
1134
5297
8035
8468
353
305
7580
9807
4812
3115
9579
3896
484
8541
358
3043
2361
9829
923
8984
5586
7995
7106
4152
971
8042
9828
7545
5002
6599
309
3925
572
1836
8153
6047
9191
5431
2780
3901
9155
3425
657
6950
5883
8926
8968
5317
6350
1050
4556
5510
7150
9832
8063
2269
628
1510
4020
5749
462
6208
8800
5919
2424
619
1127
6213
6001
4172
925
1273
9251
6514
4843
7066
3362
9709
7888
2834
9753
7401
5942
4014
8752
81
862
5819
5850
7110
4095
230
4418
9037
6283
2245
8138
277
8494
5744
4371
6039
7540
3481
9528
1185
4606
2510
5997
6534
8599
9118
5994
9388
8587
615
836
6428
4129
3747
4471
1792
8332
5549
1580
5659
4266
1499
2630
297
1378
4894
86
8368
3974
3551
9656
4086
98
1449
8923
4994
2268
5146
3118
5581
8781
8557
4413
4394
2739
5521
8054
8103
1182
8131
8194
5846
707
1356
427
9979
9168
8822
3814
7779
3894
2555
4500
2785
3673
5899
6958
6797
8192
9219
4469
6683
7498
2556
5038
7389
8958
1729
8546
7958
5344
5077
9517
186
2635
7203
9898
1892
7263
6117
822
537
9434
6122
1779
2753
1885
175
5298
1902
7267
8843
7870
1946
4340
4163
3765
6245
8509
3349
8121
2792
6633
641
327
903
4042
4560
8038
7557
6132
6568
6490
7385
2159
5228
6843
4979
1320
6172
6602
9154
5467
2188
1350
1342
5660
6401
8026
75
4968
6894
1146
3620
9412
7472
6566
8382
4946
9614
8561
9977
7775
20
9626
6463
9300
2579
1696
5022
8807
9327
8662
9003
5316
1463
751
5163
157
210
5594
7670
9827
5760
3825
3546
1778
1441
2102
3446
5582
999
412
5196
8051
3188
8205
9846
2632
5528
1103
1636
5183
4588
4250
3949
6215
4447
8157
4023
1446
6858
9622
4487
7784
4206
5702
6395
6273
377
5890
9641
2203
6411
1338
4557
5717
7294
5583
9429
4568
1043
5491
4661
4104
4663
847
5495
1956
4549
1427
8990
8160
7607
7716
6649
5008
5207
5788
2468
6168
2307
6034
4229
2071
1012
8094
6776
5645
7523
94
9892
7154
693
501
2110
396
6848
5539
9897
9768
2201
5829
557
2682
5869
5970
3001
2840
4782
4537
4181
3089
5780
8347
7799
1354
2576
373
9660
1730
4028
5911
4191
6322
7625
9511
8682
9630
1896
3382
4597
4682
979
2108
8667
3394
8206
1118
6311
9628
517
919
425
7113
3360
8133
3128
5064
3378
7526
4802
4672
89
3012
3836
6891
9678
1214
2337
4075
7190
6408
9333
6642
3918
1396
802
7430
9891
4964
2762
709
845
7405
212
6939
2827
2936
6000
2453
7068
3469
5025
9322
9945
7640
5486
779
646
6125
3445
2482
5754
8258
9618
3323
5076
6669
6294
9944
6563
9328
4673
9961
6155
7711
2717
9808
5801
689
63
3928
5285
815
3977
6583
6160
7031
8922
6979
9860
9708
152
1549
5847
4314
3039
3020
7886
4889
4981
3376
638
2356
4475
5047
514
6337
292
19
9746
3785
2443
3088
1113
8288
9718
280
9874
6163
9515
4168
9295
496
8164
1796
1334
8497
5411
8874
2907
8404
5181
9502
6354
5540
3867
1618
6045
8714
8753
4269
5999
7001
8168
3550
1355
4907
8190
8748
3204
4997
5303
321
946
2309
5939
1148
3018
8454
7761
3913
1669
6680
5214
8985
9775
4214
2736
2922
5639
7996
8626
1389
8085
3047
8226
6257
2971
1448
4385
200
1094
5479
5246
3746
7114
706
9393
6050
6406
6836
3663
8726
3363
9873
3640
4363
8232
8243
9146
2152
3718
8070
1832
2561
6747
9491
7712
2512
8496
9498
8679
2913
8414
5135
156
5480
8859
5134
8083
5291
9428
8663
5542
95
5595
1733
1054
248
3449
4300
3734
3523
9958
3437
8704
2585
3618
5299
6078
7706
1550
1719
1855
9576
6489
3979
3633
4739
869
5782
482
4056
7700
3313
6282
6211
986
3598
5346
2560
5124
3247
2371
9056
580
5756
6126
3316
9504
1371
4850
1735
6110
3398
4809
5935
5779
2903
1268
7439
4612
4445
5708
9895
1887
8899
2038
7241
1413
6994
1145
2471
246
9971
9347
4221
1706
7934
4886
2092
5670
460
9577
9956
7147
4489
8964
5552
4542
8048
3519
304
7497
1869
2040
1661
8034
270
8998
3262
9166
6721
5665
5233
23
868
9098
2210
683
5991
2928
3636
9783
9228
4111
5576
4854
9834
4990
4313
7512
9364
5141
7107
3854
3904
4113
9078
770
2288
5096
9497
6641
2283
4718
5372
7599
4268
4346
8234
133
3674
8791
4131
3893
5390
1938
6716
415
4944
8271
471
881
1886
7247
3120
8659
4794
611
9182
3237
6593
7300
5606
2026
2820
5508
5069
2754
6376
3758
1228
8228
9008
1221
5263
2127
4936
7979
7176
5649
4318
3392
3566
6766
5750
7251
6844
4006
3682
7046
5694
7688
4569
4112
8457
7128
8395
4248
5711
7772
5005
5095
8866
1178
4284
4881
5547
8844
7324
8140
3026
3665
9351
2658
1186
9777
3307
3784
272
62
5306
8622
508
2136
8227
5773
2351
1839
7277
5748
7132
8425
7126
3225
2980
7281
4866
2003
8512
8732
6404
9432
6692
9233
4960
6515
5247
7743
2143
538
7501
6898
9207
2208
9258
7967
2844
9341
2990
7083
8827
9318
8242
9751
8574
1126
1952
7739
7902
9348
4205
1440
3231
5187
8199
1554
2481
8925
1023
1964
6761
8037
1786
9009
1835
1681
8029
8388
9723
5236
6023
9083
4983
8755
2925
4911
8335
7191
4851
6492
6624
1187
9838
9861
3709
7948
2699
6811
3922
6591
364
1819
4581
4875
6560
5952
1971
2105
9862
2363
3956
4096
8006
1210
7085
3959
9764
6619
8993
1454
8839
3676
2213
1978
7346
9082
8975
320
4709
5107
1164
9562
7839
8434
374
3565
1420
8148
7006
6379
199
2600
7778
3052
472
9653
6017
3318
9697
4261
5473
1784
639
6003
3531
8642
3769
4558
2428
8789
7555
9902
3733
5795
5261
1957
3697
5589
9309
533
7546
7539
6320
2505
4440
4976
6513
2061
6904
2696
3627
3042
378
4526
8357
1820
9556
8095
7926
2015
4801
3541
110
6248
8507
1085
3243
5934
2045
503
2435
2652
9649
189
1798
9942
1506
1283
9531
2460
9120
7468
1693
9757
5810
4335
3147
1755
6223
6009
9090
2692
6417
6821
3662
1241
6700
7475
5383
3908
6639
4757
6628
6587
7462
5964
2096
3934
2531
4652
4164
4027
325
3417
3777
3838
5558
1483
2448
2354
3401
7752
8523
8032
2060
9369
9026
9560
1295
875
1897
5462
2891
3303
4437
3791
4602
9636
2137
2064
4135
9690
8932
8187
6723
7878
1152
1431
3817
3256
2103
4148
2179
3687
8798
1634
3185
179
4754
6424
8136
463
1925
9247
8527
9294
2905
8022
7436
1997
927
9212
9714
882
9357
5456
9075
1179
1868
1236
1657
8961
7484
3359
5066
7183
4116
5325
6345
4407
1329
379
2423
8636
1097
1691
2813
4192
2223
8817
7911
7159
4600
7198
1701
5117
6448
6407
8532
2609
1830
5611
4714
7668
5044
4822
4177
950
9209
8939
2231
5768
111
3521
3571
6668
7477
8690
9520
9243
8757
9639
7456
8459
6861
9732
9282
7502
7685
8681
9995
5127
7528
9913
2494
7180
9538
2959
8373
7422
8130
8422
3130
8611
4368
3745
4928
3958
2094
9424
2049
5496
5715
6820
7709
973
3148
4579
4897
2951
4132
9342
1888
2411
1647
3826
992
9617
7773
625
3911
5155
7885
1689
2796
597
737
6552
4142
4835
4207
1366
1775
1177
1157
936
4664
8569
9587
9137
9199
1515
5059
2570
2477
9906
8098
2378
7243
5354
340
7266
2893
3356
549
3661
3209
7355
8976
3245
1222
4002
1807
9145
9598
5151
1937
7582
7070
6548
8319
813
5260
4918
4949
1621
2996
3444
8513
1579
1610
6545
5276
1451
5128
8885
1709
2131
8486
3628
6134
8450
5213
8902
1304
6896
5226
1551
9514
9313
7877
5946
7896
8230
7067
4336
5601
9700
2445
1351
3137
8700
4517
1659
1828
1604
909
3490
7804
2331
5199
4138
5105
8092
622
2856
432
6025
8573
9663
7627
4539
7309
8553
4235
2239
3978
4361
5166
2386
3167
6665
6660
8870
3255
4057
8204
7246
6175
9725
669
7505
3842
2472
8149
4236
1166
3283
9087
9051
229
352
67
7469
5515
9917
9371
483
1795
2403
3939
2679
8490
2904
3848
9112
1436
2465
4933
9267
2528
2969
8863
8346
6080
1168
1370
1100
8379
4725
6818
9490
4302
2156
4554
9588
5051
7766
3379
2076
8821
3755
2004
129
4367
5992
5798
9706
5654
8437
9555
2129
2329
7014
8477
2113
2664
8052
4926
5277
4393
9414
5537
3022
4760
1082
6870
4433
8328
1432
5072
9402
1452
4324
247
64
9085
954
9457
2056
5961
9310
5315
9727
7029
995
5574
7301
1974
1240
5078
3539
6837
6449
8080
2872
8724
3616
3669
7212
830
5497
1387
9640
8301
9989
8016
1514
97
788
2772
4069
9899
4828
8217
8566
3281
2198
724
5996
2074
4332
1909
7460
1666
9609
4097
4962
4577
3375
6785
2230
2943
9566
1882
2197
3820
6241
2688
9795
38
955
1206
1291
6875
2954
1269
8799
592
8124
6601
6119
2784
8144
5984
422
6171
9459
5097
521
3242
9779
8640
7794
5414
2764
8887
6486
9175
28
9367
8349
4689
3097
8282
7630
9164
4061
2811
3006
7473
7760
8813
7406
4611
4788
9750
941
494
2335
3002
9996
346
7628
8024
9805
9728
8892
7264
296
5014
9503
1073
3780
6970
1453
2565
7393
2023
8666
660
4965
370
685
6460
7894
4893
8982
3033
7362
1643
9448
5529
4530
1167
8239
8684
9332
702
1292
754
9225
1325
1129
9286
9241
5007
7073
7782
7487
3218
8542
8091
609
8175
1746
1284
2279
9973
8530
2368
9948
6307
3428
1600
5697
7738
4442
8049
7048
3547
3668
2211
5840
170
5245
9289
158
3799
6456
9935
1296
166
5774
2454
1414
3721
8601
6787
947
6011
7492
2273
6278
3116
5891
1115
8924
7531
7621
8501
7929
8286
9652
1812
2763
3161
5382
5154
7733
7520
5823
5685
8017
7026
1294
2835
6867
1633
380
8076
4868
1408
480
6573
2078
9841
1870
2842
2546
9557
466
602
7225
2590
6351
2355
3304
5651
6438
7025
3503
1480
8476
1122
6604
162
6799
2938
6391
8577
5149
738
1670
7023
9353
6666
7631
811
4681
1027
6570
3479
2007
3944
56
1760
9558
6151
3232
531
9088
5157
5512
7829
8875
1980
7093
2586
5019
6783
1063
3407
5055
4679
7632
1741
5707
4386
5088
1898
1808
2226
9249
9611
3897
8250
3276
1467
5334
5237
1763
6048
8861
9564
9420
6989
9256
3091
6440
3048
2387
7316
5046
2398
2364
1071
7840
4482
5945
4791
9908
8483
5953
2533
8451
6154
5040
8715
3822
1243
6941
8344
144
6704
2295
6654
8886
953
6823
8114
4790
8115
4062
2817
5813
7304
4503
5889
7457
7040
6495
7045
1612
3927
4686
2885
8321
2917
5429
3151
7091
3803
185
3520
5897
3478
9162
6504
9094
371
4011
9024
4124
6931
5565
2410
4702
2289
9223
6715
7620
6346
9852
8493
3045
8535
3704
9937
1170
1391
5658
8597
9565
455
6266
7822
5158
6250
9444
1425
8762
698
8576
3145
4852
8572
4761
6965
9705
9914
8055
2220
5380
4963
3607
527
8105
8564
3538
2039
2266
9025
4099
6187
6289
3259
1131
85
421
2062
3312
5304
3906
2900
3518
9071
9542
608
5987
433
9097
5337
4272
4545
1993
4364
2151
2391
2704
6491
5441
1859
1201
7184
5227
8591
5001
9600
7418
3355
6387
263
9011
9509
2634
4458
2720
2612
3213
2504
7923
3300
4598
6390
7028
9769
6253
5900
2734
2153
1217
9211
6147
6917
6712
1814
1532
7072
9696
203
7218
7949
2400
9889
214
7379
6157
5150
8770
3330
4684
3450
9680
5805
1380
5920
1572
949
6613
1791
6673
5054
1089
9915
2242
9184
5597
3761
2414
5272
5936
1343
9383
3244
6895
3112
7489
6430
1150
854
5265
8111
7917
8933
2440
4425
4669
2180
6277
8695
2542
7396
5958
6907
2562
4973
3069
1705
464
6696
6585
7678
3629
3040
8021
4967
3013
5042
3157
4733
6955
3233
548
394
6586
7623
452
5061
9114
3311
3850
1627
6626
2765
2333
4713
5913
9957
8950
4072
4031
6265
7286
4050
7919
935
4496
8905
9062
5800
726
1721
6085
7345
3737
5802
3169
8719
1881
4350
673
9451
218
3689
5557
7614
1904
2550
8253
7279
7087
9804
2968
2807
7440
3057
7419
457
2967
4294
2958
6393
5797
769
3505
5240
9178
4803
6620
6913
4423
584
2394
9231
5680
872
9508
4727
8759
5616
6129
3969
2396
2336
8965
2901
4133
5319
897
4474
1889
7907
9561
2602
9704
4816
25
319
5178
3535
3555
1649
2334
8218
443
7851
6285
4472
2228
2267
9901
4622
2815
4291
6709
9447
7248
3715
7221
2195
5615
76
8077
9142
3496
876
4698
5556
8359
2258
3870
6699
5524
3384
598
5003
5182
217
2114
7297
1004
2702
149
6902
18
6603
6087
9384
5757
3730
6857
6222
8784
8231
6269
7452
5575
3430
9298
9276
7629
207
3930
8005
5189
5210
1155
4922
7049
2623
607
46
393
654
8316
2343
8184
7290
5373
3997
541
6579
4449
3055
3563
7587
3572
1245
2274
2619
4937
8391
7544
3603
1137
7130
2132
7837
3615
9173
3883
6656
2133
2100
7138
190
5409
9215
7076
2019
776
9554
9156
6121
6719
2431
2238
6527
703
2863
4932
5104
768
3285
2654
2908
4630
1900
50
8529
3061
9540
6240
6999
4338
5126
6827
4107
9919
9856
2624
4919
4696
6840
2952
3068
717
330
8588
7461
1486
1045
4339
9410
7368
8325
7403
3564
9773
7671
1975
3201
1173
7679
506
7910
8555
3580
9674
381
6512
2869
5474
1498
4203
59
8110
7252
4975
276
2691
1916
8649
7057
1313
2564
7674
5903
1519
5751
106
7527
8658
7395
9702
2672
5865
4999
1088
525
5270
7306
2385
5604
3936
981
1439
349
6899
4058
6301
7563
5086
7626
1327
8252
8563
5740
4004
1412
6014
8739
4159
6546
6767
3177
4347
7432
4887
7041
6437
9595
7838
2523
701
2592
3707
8498
7503
9574
7343
9601
49
399
4022
2758
6911
624
1541
4776
490
3619
4957
6541
3910
9932
3414
4003
1566
1476
5870
686
3514
7122
8412
5307
3612
3581
4773
3824
413
8018
2595
5322
5667
5142
498
3249
5229
4059
3589
4278
3796
5969
4352
2006
6274
4617
3837
9337
8585
6499
7000
4456
4651
7336
6565
8515
5194
3175
3729
6024
9612
8878
9965
8826
8020
4580
4947
2080
8287
1700
1608
5036
4647
821
762
6571
4798
9580
6074
8155
2202
7384
6271
3735
2535
7
2456
6567
2557
4520
4870
7209
8829
9063
3703
4969
2249
2389
4774
599
2200
3951
5544
5449
1048
2462
4945
7567
2461
1762
8618
2104
9108
7002
5201
1006
4331
8158
6342
1421
4505
3921
9030
1654
7273
1803
7841
5289
7624
5070
8853
7654
4703
9559
9659
5559
48
489
226
1601
6082
7954
7662
2517
528
9463
1339
3802
6113
1349
2669
9052
9123
1257
7803
944
188
6012
8129
6279
7871
2685
2769
2382
77
4769
1293
8808
5487
1232
2278
7315
3396
3559
6426
7978
1644
5067
8284
8603
8825
5366
6802
4920
9077
6114
4570
771
2300
8041
7509
1871
1490
1872
357
4615
1955
4582
7213
8474
4429
3706
8656
1555
6052
6040
721
4550
6305
2463
8741
9143
3955
9165
5498
2079
8969
4108
4687
3557
6901
6347
3429
6650
9487
1857
9923
4711
4226
9147
7604
8472
4710
1261
9981
3686
5469
9844
6158
5234
9204
5607
4389
3149
3035
6828
6028
113
9002
864
8186
2163
6291
1200
1328
2846
637
8435
2173
7005
219
8623
8809
7677
9849
6304
9510
7211
7481
6471
6510
4954
7064
9716
9927
3681
3877
1552
2854
7485
7966
7098
3361
9730
3212
2610
6468
4596
9960
8580
7327
3743
1174
4258
5860
3030
6520
3092
2432
6191
2075
2089
3284
5428
5083
2046
8728
1906
2319
5527
2529
6693
4575
1535
8109
8348
5302
284
1770
8837
9533
839
5438
323
2140
6138
4183
8650
3738
7094
3315
763
4089
1252
5821
507
2608
9177
2142
5848
7702
7641
9317
6985
4813
2224
2795
6475
3855
8389
3351
6148
4675
3441
1227
7272
7071
8260
2036
492
1093
4910
8283
6644
7517
7415
6267
6786
5144
5678
2178
5625
3710
8147
6956
9006
9855
6261
5843
4283
1818
3774
5977
6341
7947
3647
4914
7283
4446
3106
2957
1838
5895
2934
6919
1809
7860
6059
3286
8709
8279
723
4424
7412
5662
916
7074
9802
2415
366
8528
90
3739
3329
520
4043
6216
9664
1136
1077
6814
4315
1462
1967
3744
3389
3387
4510
1428
8693
6381
8938
2626
7740
2029
9770
8688
9605
1698
1827
6652
3357
5013
1014
9603
3254
2981
1731
5765
7417
3192
12
1804
2838
6963
8420
4995
9415
5902
115
3880
6246
5217
8480
6859
1799
2
2910
4779
7770
5514
8830
7255
7924
3705
9198
4836
6399
4329
8745
2362
1033
2057
4048
9673
7826
235
2176
6815
3413
3350
4084
7516
21
6275
4742
9754
3511
1457
8396
4905
5153
1171
7817
6473
7226
6920
7529
6115
4156
725
9904
2803
6479
9370
220
8873
2234
1944
8487
9358
5071
5766
8482
832
5507
5833
7959
6869
8191
3266
7332
8840
3752
6072
1826
6681
3485
1381
2399
7898
9350
5377
8718
4218
9453
4354
6161
8255
7167
8240
4783
5684
5184
3219
4231
577
8966
3830
2895
172
9878
7125
3696
2219
8842
8647
1114
5309
6612
2206
7734
3432
2649
4971
9458
1694
8394
6433
7729
7925
6819
9736
7285
6729
1945
5853
8408
7108
4279
5928
8540
7892
7200
3138
7812
5526
7237
45
8956
908
2209
7653
8891
5401
8478
1894
965
1189
119
9474
7690
198
5359
786
6771
2823
4521
6431
9865
2508
2822
9151
3858
4295
7164
359
1637
3719
8629
1253
2552
9537
5215
6538
3805
3434
8506
9969
4140
2583
9144
2799
6508
3584
5093
8521
1921
9821
9586
9822
6703
4262
1280
8467
80
5653
266
9972
3289
3404
4838
3996
3942
8154
2926
9427
9759
313
1038
756
5248
8835
4213
8988
8181
5458
9436
8369
9679
458
7234
3314
1379
3183
5730
447
6670
5364
3477
9379
5255
5422
9385
4480
104
5161
1850
177
5112
7664
9291
8462
658
1852
561
9632
7004
924
7647
5880
1625
8538
7931
8742
4282
3257
6183
4552
579
848
9325
5814
7963
2292
1162
6088
7524
244
6166
7856
502
3919
5350
4242
7765
8274
3190
1285
6152
1982
8589
9190
1692
8692
3110
6724
7999
439
8307
6657
5485
5432
739
3046
9836
5786
3195
8142
5447
5584
9245
9055
7054
8336
3929
4276
1769
9527
1471
8579
2254
578
3346
242
5296
8502
7357
513
401
3019
6100
5681
3861
5459
4304
3353
9787
8516
8386
61
6139
1707
6306
7594
6264
852
6556
2035
8804
250
8806
6933
8201
9592
9382
8071
5710
8059
3025
4060
5065
3487
6140
2496
8461
7265
1680
4404
8315
7444
9684
3532
6720
6070
5333
672
2830
126
3299
6416
4723
2930
6539
9842
2511
3004
6780
6288
2339
3556
1823
2474
4377
4466
5931
605
2798
1278
3491
3990
2285
6008
8983
5160
8621
5089
6528
2360
5918
7616
7271
1255
777
5185
2526
5752
8479
2800
6459
5280
4160
6060
5143
2390
5381
8278
9012
9172
6181
5643
8823
9947
9820
1922
2638
6822
9713
2191
9460
6502
9468
1106
8625
8296
4691
4464
336
3923
2388
7584
8746
406
8517
7591
5851
5764
8794
3657
3575
9985
1198
8531
926
26
4326
6521
9905
5312
3905
5436
3606
7809
136
3757
9159
286
9180
3427
1662
5578
9980
6118
6033
9395
3433
5454
9163
4795
6734
781
160
9283
5338
9117
7821
4546
3274
4405
3165
9360
6564
2701
9293
6405
729
6377
5328
7980
5326
3941
3776
7302
8222
9507
504
9792
5408
6744
7333
7003
620
9099
9435
8001
1671
7920
2735
3701
2961
8057
1524
6760
6429
2190
4380
6940
2960
3239
1999
5640
9964
7043
4033
8500
2265
5637
6340
8957
8403
8706
2172
9039
1581
7854
6631
3827
1008
3873
8219
3992
4636
8565
2924
5254
3602
4170
3522
3155
1837
9823
7556
6207
1588
5330
1907
932
3372
1275
704
7017
4186
5041
6329
552
341
4961
5875
7906
7202
3635
4330
1776
8708
2777
2164
2588
8654
9733
117
1400
3712
7257
1577
6558
1672
1410
3516
9138
1409
5442
4204
1401
9092
8305
1220
8178
8777
2999
883
5972
8246
1
5460
8909
1813
583
5115
8716
7866
66
385
617
54
9765
2196
4666
5644
4234
9877
6185
6893
1497
5580
6763
1863
1042
2741
8499
8383
4420
9994
4073
435
5623
6637
9591
4134
8584
3374
5423
7476
4848
814
5965
4038
1702
2469
7230
9359
2338
1936
9607
6616
9778
9031
9526
713
4931
8897
1591
7021
3062
2642
8514
6850
7964
9263
6284
5257
3194
9101
5176
4222
5881
7675
7939
6112
2365
7845
5318
7882
8469
9127
8341
920
2545
4566
7751
6195
1597
3859
1805
354
7961
6497
47
1619
9938
1258
1445
1369
2426
2175
1761
8375
4451
7861
7887
9651
9096
1482
3305
4567
6813
1340
8211
6219
7970
9782
2616
8772
8295
6874
7480
5503
3508
6247
873
9699
7197
2801
2212
3287
3968
6324
6099
7084
846
5243
652
4657
765
8670
5103
8632
2946
2261
3291
571
1484
4414
2185
2259
3940
6880
1547
4147
1968
6384
4255
1030
3465
972
5050
9584
2914
1224
8064
6728
7233
8609
2603
3601
7442
2275
743
4267
4325
6124
5180
112
1845
4833
9158
5686
7868
7843
440
351
4232
1677
8790
3470
3639
2945
6327
3144
842
4745
7039
3915
307
1737
8430
3600
775
805
9244
6432
5327
4233
6101
3725
1282
6900
2182
2858
4303
3228
6725
1098
7449
451
1675
6227
7402
3331
630
5275
9368
4217
8562
4477
1598
1274
5841
4083
7381
6791
7034
222
4857
7699
4126
3916
7499
9671
6020
3236
5081
4228
5009
3509
643
2877
9739
3698
6196
5927
1811
783
2404
8146
1001
939
6845
9140
3800
8033
1493
962
7311
8069
6832
2119
2118
6966
8710
8954
5536
2470
7411
7242
2532
7256
3418
2042
3100
7050
6127
4010
5271
816
2244
9329
2012
2698
7165
9335
3193
124
2139
33
29
3892
3085
8270
4531
9688
5258
4512
8743
6019
2771
8944
8027
3381
5120
4369
3136
4993
5993
2122
7012
1028
9581
2379
8917
2920
1983
6574
4670
2276
9525
5791
41
2779
766
8951
1563
5608
145
3070
6295
9722
601
7549
9028
5930
4344
6705
7135
2348
2584
4431
1785
4888
5743
7274
8399
8028
143
51
3498
5225
4296
6659
4199
3464
5562
5874
3847
9105
6946
8549
9613
4793
6796
6104
4564
7842
6879
1488
7361
8758
388
6697
7537
5293
7769
796
1793
2760
7657
4036
6465
9903
6770
1831
6525
7603
5490
3131
5451
9157
8657
6742
7869
2709
4839
7800
6361
7240
1679
9650
3631
2341
4751
9864
767
4049
7705
2166
1924
4992
4470
135
8361
2929
8733
9122
8238
5329
2308
7982
7873
6944
8390
5535
7736
907
216
7918
2303
5385
4789
1316
6234
4337
3562
2315
2193
3324
8377
2376
9041
5216
288
8381
7429
9608
3011
1728
9486
9047
6035
3189
5973
7525
298
793
6942
8815
3438
2310
5838
7617
7120
70
8525
2498
1423
6102
5655
6496
9825
764
4896
2715
722
6509
5826
7693
8651
7515
9575
7178
2492
8943
5989
5006
3457
8583
4387
8176
3462
9988
9883
5403
5224
5378
2963
1992
5465
3336
4025
7506
4201
6383
5356
9853
6993
5341
1652
7819
5305
4697
9647
6368
940
8100
535
2187
7521
4692
8846
72
1068
5747
9257
4121
3834
8687
1717
5579
291
417
251
3319
2506
3423
8275
7342
6444
2604
4950
9521
5116
6370
1726
4402
6731
7215
9236
1435
2879
1075
671
5139
6423
7163
8824
6537
1895
6464
3099
1624
3801
2413
2247
9772
10
105
7119
9676
1623
7036
3646
7314
9339
5332
9269
5982
6314
9345
8871
896
389
100
2896
3187
4740
8427
3651
9735
1041
1712
9916
2112
6885
8801
8856
5443
7010
2444
2083
7730
6996
2001
9484
1357
4227
2317
2302
3998
3411
8803
1184
6953
6182
9991
4182
4671
7962
7672
6056
6236
3617
9129
5489
666
8978
1116
977
6677
3096
4053
512
5736
6638
4055
84
8207
5722
8470
8485
4895
4311
6260
7142
3797
871
2708
128
2563
448
2067
1503
476
7214
6595
8607
8353
5198
5517
761
7787
9922
8877
9014
9167
3152
4312
4978
6746
8195
8869
921
3766
2821
465
911
293
2487
7987
2781
2017
9021
2458
735
6053
4012
134
2252
442
4200
5190
1064
2473
1418
1614
9800
1908
6713
1076
9737
9845
5434
1606
1188
6359
1874
3405
3529
8248
139
1040
192
8747
3711
470
2516
6688
6838
1330
4375
8122
5677
2690
2712
9729
8919
4225
1531
8139
4298
3610
6358
3386
5020
4934
3265
8992
7292
3341
3424
9793
4088
4141
9046
3476
9266
659
7423
7578
3275
3567
9229
956
1797
8522
5249
5824
6069
4137
1281
9875
8432
5661
1877
5691
3124
2773
7478
4758
5815
7577
384
4292
1970
4849
6229
7950
3976
8074
88
7972
7013
5699
3050
5200
9743
7229
3166
6177
7548
858
2578
4712
9926
2099
900
2695
741
9349
6193
6557
9034
5511
647
1605
6007
5343
2574
2673
4281
4193
964
7170
5494
3140
8045
9255
5787
283
1424
1628
1459
1849
8989
1411
6977
5259
9758
7377
6334
9997
5876
1609
9404
1962
167
9042
1522
6258
7550
7687
795
7935
3322
9314
1123
4796
5109
573
5324
7367
2032
4840
4987
5820
8819
4513
6244
8151
6338
8182
3217
1270
7720
9833
5368
150
6197
8259
1739
4176
9124
7322
360
2984
6414
4535
1047
2906
3823
5704
6529
8729
345
4165
8994
1422
5102
6934
8769
8465
6097
7802
6745
2452
1469
645
9437
165
4743
5123
7161
8884
1951
4898
8889
6093
3064
4927
7514
1364
3426
817
3158
6180
7187
1375
8779
4785
8099
4528
137
3525
9044
6130
8299
5288
8113
1841
1080
4746
4821
8941
2663
3542
4067
4541
4008
840
9192
9346
2731
2659
7228
1780
7593
510
656
2393
6051
913
1622
3759
5418
4722
3722
3952
3938
6077
9268
181
6355
564
6006
3931
6562
4644
516
2401
9315
7602
9851
3270
4846
1376
3172
653
5177
4534
9633
6842
7771
9689
2327
4290
7938
8128
1143
9815
6482
8638
8641
2068
7768
9121
2916
6388
4869
4085
1575
2976
1512
3271
1307
3713
7983
4834
1233
5980
9868
5140
257
1468
4924
6877
1199
1388
2855
4872
1822
4844
8088
6146
6451
3134
9004
7863
400
2997
5629
8352
6598
7701
7691
794
2651
7722
6374
4117
3950
7390
1722
6176
1800
555
9027
6540
9059
5416
3782
4417
3105
127
44
9290
5284
3086
750
3468
9296
267
9020
3083
3630
1853
9174
9477
4695
3458
7852
5592
3029
3211
9869
9494
1570
7371
539
7008
1069
6533
1315
5545
9594
9058
1764
9069
3431
1336
8689
9038
4938
4285
2683
4762
4280
2575
4167
2484
2851
9130
2366
9338
437
1392
281
5396
9990
6630
3003
391
9320
1939
8765
9681
6794
9270
5122
7216
3139
4728
3122
5455
7188
1492
7171
4797
1244
2522
9803
5358
4373
2788
4187
6299
312
8008
8273
4071
1046
1653
6446
8904
2350
8304
2703
7606
6445
7173
4494
1716
4749
4540
6623
2558
4015
9065
2282
9054
8674
5532
2037
8313
4748
1308
1934
9900
4041
1607
8750
3605
9918
752
7595
5098
3065
289
2135
6864
772
9306
8171
6392
1783
648
1477
9547
6986
8749
2667
4384
1529
9943
1272
8310
9569
9113
5267
5501
6618
7976
7757
6607
8678
7850
3763
8767
7916
7534
2483
7946
1110
4321
7568
7335
1060
2730
8380
4047
720
4289
9894
7573
7728
5679
6737
6373
2646
300
2805
8967
1690
1873
4341
109
9670
8056
7831
5371
444
2593
7844
5657
3278
4529
3202
1748
499
2177
1756
2911
5253
5477
8735
4275
2418
9141
7453
2747
8918
7378
6809
7488
9264
8586
5753
8172
9240
7359
9532
5208
479
5282
7458
1472
3326
6162
5735
4706
1433
6200
3420
1947
9890
30
3072
4210
829
692
4942
3993
4399
9695
4716
4980
1915
5262
1545
3507
5879
8012
5037
4476
4448
7131
5727
5392
3819
8628
306
5365
8011
4497
4935
4756
2123
7109
6485
3078
8003
8456
7697
9377
1147
6348
9780
8331
6925
303
5132
2787
1508
1037
3399
8911
9356
6167
3258
2450
6812
7037
4052
6396
2948
6998
7409
3683
2069
948
3216
4001
3983
6753
3053
1734
324
6212
3074
7483
6239
7533
4013
7338
1311
8333
4892
1585
1639
1594
1299
5376
880
8031
4547
9406
2167
8581
931
8058
6658
6634
898
4827
9248
8318
9252
3708
3027
831
3749
9830
402
125
9217
2589
9450
6421
487
1017
5375
8673
7035
7646
9940
3221
1190
9655
8492
6263
2865
4196
39
1239
2534
6506
8921
6784
558
1720
6293
3173
395
4360
6694
1031
4913
9707
3655
5106
5186
3585
4024
308
1404
5985
7786
9465
8371
4317
2446
4277
7364
5968
1398
6095
9254
6522
2161
2425
8756
8330
7047
4627
7448
5713
8471
6186
8044
6627
8043
9304
8030
3731
8816
9373
8503
7129
2567
5732
5600
3049
3294
8519
8090
22
7660
3066
616
6143
2582
6662
5963
9376
1708
1450
6751
8025
4357
928
3453
9133
8174
6957
2767
1058
6648
982
7181
4825
8311
8908
2559
6536
9107
1461
8323
4807
1464
7227
7666
3789
5010
5450
7909
9469
6194
3205
238
7785
1309
8945
1049
7024
4668
7111
6135
9319
3504
3421
6262
430
6707
2034
8106
1596
7588
5878
9872
870
2421
8694
3832
9220
7137
6094
180
8644
4037
2581
163
5223
102
6947
6042
2165
2964
2661
1751
4732
3377
5439
7530
749
1447
2553
1507
9887
5882
9682
5011
1595
9361
6018
1242
3677
1081
5478
1207
3024
5728
7018
3373
8007
3162
9585
7394
6091
4603
2789
8329
493
1517
5057
1704
8303
3079
6013
3010
3121
7223
4190
5137
5923
7210
7511
3159
8269
9203
8413
4985
3493
7596
2204
1473
256
5828
2756
434
5273
69
865
6286
2643
103
3702
8405
4941
4571
9519
3860
6736
6878
1781
5620
2737
9201
1789
9806
8701
9363
7435
6360
4421
4197
8559
5209
6717
4808
7254
7897
6270
6470
9788
3339
2395
4717
5564
1276
5855
1138
780
3034
589
2455
1635
784
705
3933
3320
1592
1215
8409
4674
108
2345
314
7375
2434
5173
3279
5719
2622
3695
5525
640
2671
6169
333
1645
9287
960
3973
4345
3666
2287
7993
6427
1537
5590
1560
7260
6031
287
3526
8928
2488
5884
4972
9419
6318
4815
4750
6046
8832
9797
9661
7777
8118
5912
1083
8558
6580
1176
6466
1986
670
8073
6910
544
6740
2050
4958
8366
7166
6577
4443
2804
945
8247
1858
7813
9692
6220
2073
3866
3591
7956
2923
3095
4637
4154
4299
4988
2126
5252
3196
5023
4660
7680
9854
2674
5193
4460
2367
2705
9752
7133
2862
4814
6578
2436
2101
2322
4000
3587
9213
5827
675
2597
2783
3999
682
718
8831
5074
7486
5509
2816
5622
5673
4676
7027
9210
2194
4544
1359
6015
4372
655
1160
5738
7479
9602
1205
650
5835
7753
5767
1629
1949
5613
8764
2116
6230
8736
1491
2081
2802
3017
4842
8415
3280
649
740
1002
5845
1015
491
7884
2169
568
8356
1536
2121
2874
8547
7849
7575
2572
7608
2628
114
6952
1617
5862
5990
2644
1500
8802
9194
8962
8188
6754
1079
9911
4902
5666
6202
60
7195
8539
3321
6071
7836
1395
2538
3059
7398
5191
7655
3787
7513
5073
4106
9817
2384
6881
2539
6203
7891
3691
2868
475
4102
7788
1687
8014
5832
6600
7823
6739
3889
6136
182
5457
2615
5049
1487
8665
7340
3260
4532
4726
236
7231
7684
7747
942
6064
8263
3835
9615
2270
8744
9998
6343
8838
2515
1981
851
1112
9907
782
2174
7667
9344
7416
9091
5482
7561
1181
3671
1034
7572
8180
3536
8185
7344
3972
7282
9599
1132
6608
6804
4904
8551
1066
8166
9045
9365
5905
8473
6708
7776
3067
3203
7334
5822
8970
1910
8702
2625
7082
8972
6054
3224
563
4921
4586
7007
9623
6930
5402
4518
7293
1204
3298
7704
1192
1196
1966
5393
7759
7022
4576
1782
3756
184
9064
4951
8999
591
7321
5726
221
3486
7450
8669
5033
3943
5222
2402
2989
8814
8971
4180
7703
3788
8
3390
3884
5915
1815
9976
7574
4504
8264
934
9206
7713
3693
6364
2154
2786
7971
4855
8165
107
8365
9104
1403
3948
9593
9067
3108
8931
7092
1219
3653
224
285
2670
3015
365
2451
271
6667
3813
4078
6549
9061
2030
9398
1745
1092
7855
4642
7305
6743
4555
6606
1527
8177
6386
5412
9200
8343
9403
6356
7807
7330
2284
1159
1026
2447
1862
282
2383
6037
3184
910
31
3380
4641
7792
7421
7745
2544
4316
2502
3308
5053
4653
3125
1290
7465
3295
8879
7208
7781
27
4899
6664
9809
3945
5566
7391
6303
2782
5868
835
7205
3135
42
6741
2569
7061
755
5830
3781
7011
4495
8836
2979
933
8986
1948
547
3895
8241
372
8851
7944
2849
7400
1587
7650
429
9620
6204
9946
9871
843
1513
2974
404
1135
2809
2633
3181
5323
3354
1929
7649
4103
6394
153
4650
4860
5619
2227
3226
2995
8754
5162
9550
7235
495
8093
9493
1749
8447
6478
8387
5979
7298
1303
9181
7149
4257
4436
7566
8107
2596
6170
7665
2047
4273
787
9831
642
4952
6862
3415
1312
2199
799
2162
1771
3724
1430
8508
1265
2111
1262
1988
6972
3352
467
4396
3592
5701
8890
4741
2746
1990
6863
674
9072
7399
4412
4824
3494
8910
2117
9179
4243
7078
4604
9076
8929
6807
667
3297
35
5235
3582
409
1586
6722
453
4247
8401
2264
9330
1825
912
3439
4819
8385
9401
807
5110
6488
4030
9417
8418
4428
5541
4578
1533
2466
7921
3416
546
7749
82
7912
7158
9068
3495
5948
3839
3736
3771
1156
7536
5148
3199
9336
677
4841
2134
9238
74
857
5045
7820
1289
1019
8202
4146
785
2408
1216
5170
3962
6922
485
4136
9715
7862
8916
6106
6632
7881
9539
904
8776
9694
6905
1736
1407
3206
4766
3186
6079
2262
6882
1961
3506
3667
9963
3794
9018
8895
719
9881
9048
8619
9480
4118
9224
3924
5522
8946
4515
386
9110
9610
3634
1481
4662
1074
6330
7601
8481
9152
3240
3041
3168
3292
4690
8416
4388
8648
419
6319
6179
8453
3369
2088
5238
690
237
6912
4297
1673
603
4151
5313
456
9771
930
3886
4082
4224
5724
9726
3672
7350
2497
4435
3087
9102
7724
7250
529
5125
1485
5352
8996
4123
6447
994
4406
5430
7096
1346
1067
1538
4353
6036
8137
2713
596
8977
2369
5395
2723
1470
983
2406
6806
6149
5866
9818
5464
1542
428
7124
2392
7253
8936
3197
4719
4856
43
9693
8771
8630
5812
5091
4488
4948
7245
3296
3844
2304
730
4334
1475
5079
1337
3207
4161
4185
7872
5909
6205
4601
4501
7157
4737
6775
7177
9176
3344
8317
4115
4982
5587
2374
1158
2441
5807
9430
1007
5777
1234
3419
195
2725
5652
2280
6524
7581
8169
1260
678
2836
2521
6422
9316
3409
8224
2358
1460
5723
7080
2324
7899
5910
9455
4589
474
575
8212
9648
8786
2437
9253
9597
392
3954
7397
1864
4188
5417
9461
5762
4873
2591
7696
5683
3264
1806
1300
6302
2752
4629
5731
211
486
1505
9541
3879
9683
2793
7583
1926
2091
1713
9936
2141
4239
7718
5138
8963
4457
1919
3786
8768
3568
7194
3851
9423
7874
6706
5908
140
1443
2290
5519
8646
6173
8302
2218
7564
5809
2449
8196
8524
1561
2724
5933
998
3146
1757
4051
708
8104
7965
6682
4591
2011
9482
3406
2171
6851
8774
6210
895
4249
2871
7219
6116
9785
3483
4565
4305
511
5627
249
8013
1335
4811
7714
2839
9271
7261
5080
582
6142
9196
9010
4166
2614
4100
3917
2719
9411
4744
5664
8592
6833
2571
7420
8203
3448
4865
2222
3385
5631
6576
991
6773
9400
9187
5369
760
9464
5872
1686
4184
420
2183
4915
2031
3882
509
302
6990
1332
16
4208
4654
6788
5796
4397
1465
8019
8452
1323
8119
3874
3014
6369
5775
2416
2687
9962
1140
4752
6575
9043
855
2373
2381
3391
5345
6235
7767
3561
5075
6159
7189
9505
6765
3678
5085
9013
2932
1664
1918
1223
2568
2467
473
6413
4633
5063
8265
3467
581
6310
7746
1374
4572
9666
6853
6675
8545
5212
231
2248
6242
7296
4909
8610
2641
334
6272
7262
9816
9954
1995
8362
731
7121
8780
2491
9352
7038
6886
4016
9867
2611
2681
7635
5688
8711
975
1638
5570
228
11
8730
3371
4688
2744
6647
6888
5099
8141
922
2740
9355
9323
1352
4755
6856
9473
662
3898
5700
2933
5785
4392
4906
1569
7791
6084
3987
1958
4639
1249
3343
5204
9930
7789
6043
5885
4026
2009
3191
9546
9125
1161
7239
8393
6027
5803
1511
3773
2541
6926
295
6108
8602
4929
3887
1523
985
5311
5674
4077
5698
5239
4877
621
5924
3876
8400
1078
9081
5152
937
1903
5084
2757
8438
7392
3989
1051
215
2766
2184
5092
8685
2639
7310
1264
5172
141
6629
1699
6418
1297
3501
2250
449
4270
2397
8087
5950
7016
6467
9698
361
4333
6029
565
2653
1802
3268
8355
4093
2700
6412
9813
348
4683
3111
5632
1180
5171
1562
8974
3160
1318
6701
4119
2051
194
5771
2475
3608
3650
7732
6503
1518
9596
2966
6975
3966
4376
9638
1125
3327
7428
461
4861
1194
7742
7795
9280
8489
5634
4007
6609
1994
1458
684
3248
4626
1824
2059
1208
5794
7741
5034
2352
3451
7193
1305
6803
4599
7930
7737
7318
8635
7953
369
322
5759
441
3150
9929
9136
9738
2316
4241
329
6824
4940
2727
4127
7879
3537
6830
1750
8183
9781
5603
1044
5052
1130
4831
8200
6450
9375
4265
980
1973
5205
9819
3760
6884
6764
123
8358
6614
1090
5635
4879
9763
6849
4778
7883
6945
9239
9189
9073
2832
6559
7185
8973
791
1226
71
4416
4583
6887
3054
1772
9426
9796
4665
1005
1247
4826
1987
2912
7445
7952
9035
1865
1875
2983
1022
8510
342
5513
733
260
4220
5300
2380
631
4610
1456
6774
697
8464
7299
4045
3082
2375
2013
2972
8167
2797
3688
5000
4306
7682
556
9572
6382
264
6225
2107
9675
9888
9285
5131
8612
1438
4635
1969
9449
7366
387
6792
8364
6831
8101
9386
9208
5492
7721
4035
3492
4832
8537
2297
6061
356
7276
5516
3474
8518
4634
6749
987
3008
118
3383
3637
5893
7857
2407
6016
1109
3290
1631
171
1362
1603
9662
9221
8320
5264
4867
411
6066
1133
5068
7835
9789
40
7056
7764
5018
3864
7570
4374
5349
1084
8495
8788
6954
2002
6190
7973
9485
4623
6800
1777
3410
9535
1959
1248
8567
5242
4308
9982
801
1402
7162
4079
5593
344
7610
1520
9299
7376
9237
9744
1169
6476
4584
8436
3779
1991
500
2819
8504
5646
252
4998
5500
7151
1455
3793
4240
2852
9284
974
3156
2987
1960
2370
4609
9001
4780
6153
7636
4525
6403
1632
5716
1011
5981
885
6960
9074
523
2240
6469
1650
5720
4005
1358
2084
8672
4621
6547
8783
7077
6062
5690
3309
4245
3679
8760
9747
4286
6058
1494
383
9126
1676
2149
2298
6805
4548
3143
5944
6532
4693
9475
7103
2438
6436
2988
6937
9621
1139
4039
5572
9966
5976
8009
3366
576
8751
2192
7374
5357
9710
679
1117
570
5292
5799
7663
2861
1674
9570
4731
8812
1856
1723
8134
7559
5468
8327
1218
8170
9381
613
1478
8266
4230
5219
2028
874
5506
7853
4516
6686
2054
9518
4536
9552
9443
2318
7551
2749
7698
7981
4419
4605
8773
853
9677
5167
5361
2733
497
9631
2941
790
6943
7598
4608
8312
1235
8664
3317
5394
5906
7424
7783
2761
6328
187
459
2277
1202
7144
1526
8893
5612
4019
6695
3614
2344
3094
3489
1972
5956
4859
7454
9106
5129
1883
4145
8627
2330
2640
2255
6778
3393
8292
93
5165
4885
6702
5793
6498
1851
6615
6316
5714
2732
4328
8036
6481
2977
4365
2721
3656
426
966
9292
1399
4319
1072
1437
3056
5978
3241
4882
7661
2631
2955
9959
255
8655
9920
1128
7123
332
6542
4410
4044
8466
1590
6249
5027
1844
3980
4871
5281
299
3182
3443
7437
4179
6866
1317
8511
9776
2157
9810
278
9387
6921
2323
7543
3748
338
5295
8947
2790
7145
3037
1861
6968
8903
8554
1787
1382
8126
7558
9489
7463
8244
7904
183
8086
759
3862
4021
1940
4349
4878
8125
2774
9949
6969
9882
164
8411
2346
4215
2657
8060
6839
5693
2263
9392
943
8818
7088
644
1821
8066
7156
4585
5287
120
3517
1576
9119
6691
1341
3023
2814
6727
3692
9183
6493
1504
7474
7937
8015
8010
8072
3685
7053
1534
9850
4194
5610
4806
9812
574
7153
3229
5859
9454
2718
612
4799
5642
2860
968
2016
6312
2286
8723
2070
8645
2580
2233
9740
8372
5672
824
2041
8210
6825
4884
2412
5379
833
3833
4632
5024
3261
8544
2186
4613
6041
6684
4553
4485
6551
2899
7908
5938
3597
9880
3583
8340
6949
9668
636
3869
2953
3728
753
3171
712
7308
7196
6655
7932
8293
4454
2677
5360
225
7220
6854
2150
6738
3452
1854
8935
6505
7278
92
5294
3841
4173
7358
6315
2326
6732
1801
53
2087
355
6156
6398
9884
894
3863
9242
2377
3502
8123
879
7051
8081
4595
8660
797
311
7363
8722
2742
8350
2480
6915
1790
745
8267
8721
3622
1326
3
8463
7833
714
7998
4781
4959
5518
7307
629
1678
1931
9669
5721
5012
5060
5244
6474
5504
9216
5561
8306
2085
8793
4411
1616
7719
2519
7945
3881
6164
6415
6026
1810
2647
5188
9741
331
8841
4478
5425
8677
6789
2973
7890
3123
5505
6365
8703
5959
9512
819
6726
651
8847
8896
2409
8955
5387
989
6425
9774
1540
1913
2018
8000
6002
3868
9471
2992
2825
3273
2776
8198
5598
5523
4087
8384
6795
825
1516
2420
5353
1203
6268
178
6932
1558
1091
7063
3714
8571
3129
5538
4465
398
6276
9033
8039
7155
310
1539
5463
2845
9619
4903
1583
7634
551
1752
7994
3208
9986
8298
4323
7613
889
6918
4901
1557
3370
9544
405
3754
4724
3829
2536
8987
4996
8460
6871
2883
8864
4401
4101
7206
318
8189
1965
5195
7312
5553
469
4139
4708
1153
7112
1630
3080
5967
7552
335
2066
7175
8223
450
7447
6221
4382
1061
9955
9974
1901
1301
5231
5101
7943
4091
2507
7349
7410
9953
2430
1578
7756
3804
3459
9259
6959
7676
3036
5842
1641
3466
6010
2256
9863
5035
9513
5405
6768
7244
800
2728
1502
905
6889
258
8308
4432
3163
7832
7694
8820
6255
5746
3400
9262
1003
6461
699
2325
9563
9132
6929
3573
3900
3742
5335
3751
2857
1035
376
7466
8934
1142
3700
5739
3914
8290
7217
6480
4153
1911
1151
958
3726
5314
3342
9893
5695
2419
1020
4032
3831
5998
5554
4736
8948
4646
9667
7204
1667
1119
823
3397
1231
5712
8445
9711
3164
6372
6758
7816
6397
8417
5892
8233
6553
6961
122
2509
6089
518
1279
5413
9023
6507
5370
4459
2340
7754
6873
2722
7997
6992
2010
52
2759
1266
5121
9472
9060
8458
3180
668
4070
4455
6068
5638
8914
6790
1212
2775
834
1732
7134
5729
6995
7942
2495
9500
4986
3402
6075
2109
6883
6826
6810
9685
867
2986
8249
3364
2328
1893
9016
6872
368
1390
7638
676
8634
5834
9886
3272
569
7101
4378
9912
3574
5269
5301
154
2043
826
716
5988
5452
8285
9583
8949
14
5668
223
4098
7104
3875
8991
2106
4094
6572
5696
201
742
9446
3333
1912
9235
6049
7387
3560
8251
2320
7086
4244
478
2130
4777
8661
7059
2598
7339
5844
4829
2520
1344
9766
1277
5448
7291
4522
7510
2422
3588
3176
9910
5100
7875
7044
4771
6914
5555
5230
5573
5585
5886
5530
5854
3471
6209
6251
2824
8608
8605
3946
6793
2637
2710
4590
9111
4864
9847
2950
8624
3301
3325
5175
3073
8686
5675
2313
6897
13
9999
8850
918
5839
3076
9354
4074
4359
1347
8942
147
4989
58
7633
5321
5232
1688
1018
1209
3845
8354
6131
8805
3770
532
3871
7303
4450
3578
5949
9134
7090
4462
3594
6938
3435
5348
8952
2751
7169
3510
2680
3846
3447
6865
1032
6184
9222
594
6672
2530
6756
2138
9582
3179
5347
4508
7612
2260
5825
9501
7541
7493
5251
3558
116
7495
9645
7673
8050
9396
6501
4327
1768
9643
2859
711
8262
3960
375
1384
155
408
6083
3306
7565
618
6487
9760
9278
2148
5617
732
5682
1715
9161
8297
5641
5836
4426
4114
6281
4847
6339
774
2221
1444
7055
806
1271
8858
984
748
3528
665
1620
2694
5546
2794
1121
4125
9543
8062
9657
4648
3215
3348
2606
9303
5687
8533
148
6757
8727
7455
8446
5446
6909
6174
7986
8738
9066
3113
2998
193
4705
6769
3641
3250
7337
6678
2144
7805
9530
7615
1648
343
590
7619
2921
4925
1213
1141
6259
635
1345
2232
5351
1183
8543
6233
2870
2417
9479
5705
1039
5745
3675
2215
2750
7095
477
0
1495
8782
976
7522
3970
4063
3658
8082
6326
6569
6561
849
4162
2684
4264
9967
5398
5849
2540
1175
7727
7622
3170
9000
9568
4251
5671
9261
3798
7168
2898
8594
8698
6055
4563
8797
9924
2826
9686
3484
5015
1660
1525
5266
6676
6834
9205
4211
5630
888
2621
397
4189
887
151
7774
1573
5029
3210
7828
6400
3902
2937
3332
1847
1574
9921
4930
7707
5310
5692
15
1754
2660
34
8795
5867
1368
5320
6243
6032
8854
1744
6357
1530
7848
8339
4054
1977
1843
2025
7341
1394
99
5966
810
5339
4452
1665
773
326
2485
91
7065
2429
9029
9654
2518
5108
6192
1144
567
3778
8953
2808
1846
7579
1489
901
2237
9848
8633
2000
1834
4729
951
5783
1935
5391
4616
5397
9672
4614
202
173
6313
3768
5410
8675
789
2299
1372
4370
3482
7052
7032
757
5568
4017
6748
8568
9399
4128
3107
3251
6924
3732
3642
4409
6687
6150
6325
6367
5887
4362
744
6352
8449
36
9925
3103
530
5424
7941
9391
6457
2155
2693
3553
2549
9053
4810
5916
3810
9523
5626
7287
7639
